[gd_scene load_steps=8 format=2]

[ext_resource path="res://OQ_Toolkit/OQ_UI2D/OQ_UI2DCanvas.tscn" type="PackedScene" id=1]
[ext_resource path="res://tool/menu/L2Control.gd" type="Script" id=2]
[ext_resource path="res://OQ_Toolkit/OQ_UI2D/controls/VirtualKeyboard.tscn" type="PackedScene" id=3]
[ext_resource path="res://tool/menu/L2WorkspaceControl.tscn" type="PackedScene" id=4]
[ext_resource path="res://tool/menu/L2SocialControl.tscn" type="PackedScene" id=5]
[ext_resource path="res://tool/menu/L2ToolControl.tscn" type="PackedScene" id=6]
[ext_resource path="res://tool/menu/L2WorkspaceEdit.tscn" type="PackedScene" id=7]

[node name="L2Control" type="Spatial"]
script = ExtResource( 2 )

[node name="Left" parent="." instance=ExtResource( 1 )]
transform = Transform( 0.866025, 0, 0.5, 0, 0.999999, 0, -0.5, 0, 0.866025, -0.3, 0, 0.05 )

[node name="L2ToolControl" parent="Left" instance=ExtResource( 6 )]

[node name="Center" parent="." instance=ExtResource( 1 )]

[node name="L2WorkspaceControl" parent="Center" instance=ExtResource( 4 )]

[node name="CenterRaised" parent="." instance=ExtResource( 1 )]
transform = Transform( 1, 0, 0, 0, 1, 0, 0, 0, 1, 0, 0, 0.0957865 )
visible = false

[node name="L2WorkspaceEdit" parent="CenterRaised" instance=ExtResource( 7 )]

[node name="Right" parent="." instance=ExtResource( 1 )]
transform = Transform( 0.866025, 0, -0.5, 0, 1, 0, 0.5, 0, 0.866025, 0.3, 0, 0.05 )

[node name="L2SocialControl" parent="Right" instance=ExtResource( 5 )]

[node name="Bottom" parent="." instance=ExtResource( 1 )]
transform = Transform( 1, 0, -2.08616e-07, 1.70888e-07, 0.573576, 0.819152, 1.19657e-07, -0.819152, 0.573576, 0, -0.346691, 0.0924018 )

[node name="ReferenceRect" type="ReferenceRect" parent="Bottom"]
anchor_right = 0.186
anchor_bottom = 0.095
margin_top = 1.0
margin_right = 385.536
margin_bottom = 183.0
__meta__ = {
"_edit_use_anchors_": false
}

[node name="VirtualKeyboard" parent="Bottom/ReferenceRect" instance=ExtResource( 3 )]
[connection signal="workspace_action" from="Center/L2WorkspaceControl" to="." method="_on_L2WorkspaceControl_workspace_action"]
[connection signal="close_edit" from="CenterRaised/L2WorkspaceEdit" to="." method="_on_L2WorkspaceEdit_close_edit"]
